-1.781511682162107041e-08
-1.781511653332291485e-08
-1.781511697333413752e-08
-1.781511778207613983e-08
-1.781511682514060149e-08
-1.781511721674422209e-08
-1.781511678949611835e-08
-1.781511665389744609e-08
-1.781511681327955943e-08
-1.781511681879445860e-08
-1.781511748920200458e-08
-1.781511673364946266e-08
-1.781511669052902702e-08
-1.781511662443767989e-08
-1.781511691898111855e-08
-1.781511677945672651e-08
-1.781511644890383938e-08
-1.781511730135410497e-08
-1.781511688254608897e-08
-1.781511679012151983e-08
-1.781511702480652978e-08
-1.781511672301381257e-08
-1.781511697229120173e-08
-1.781511617384802156e-08
-1.781511764767537068e-08
-1.781511680139146525e-08
-1.781511687239175212e-08
-1.781511682477617218e-08
-1.781511678612546323e-08
-1.781511682726460940e-08
-1.781511685454314003e-08
-1.781511674653423338e-08
-1.781511677901653739e-08
-1.781511699578208557e-08
-1.781511682711030382e-08
-1.781511754584459992e-08
-1.781511690257206212e-08
-1.781511700985813534e-08
-1.781511684182906630e-08
-1.781511656684527937e-08
-1.781511796958150725e-08
-1.781511681544270621e-08
-1.781511699004791075e-08
-1.781511684753470671e-08
-1.781511678711747778e-08
-1.781511679492596350e-08
-1.781511676449390274e-08
-1.781511694614993525e-08
-1.781511682253817217e-08
-1.781511682582284021e-08
-1.781511677600012402e-08
-1.781511683376742030e-08
-1.781511680191771094e-08
-1.781511865544166058e-08
-1.781511663398883002e-08
-1.781511687982168360e-08
-1.781511681487829110e-08
-1.781511684107990867e-08
-1.781511663387013622e-08
-1.781511672217087582e-08
-1.781511682004254841e-08
-1.781511681442445019e-08
-1.781511678414909383e-08
-1.781511684617267442e-08
-1.781511680150247950e-08
-1.781511674867055966e-08
-1.781511692473406376e-08
-1.781511686011669954e-08
-1.781511680882044712e-08
-1.781511677581372714e-08
-1.781511657368019005e-08
-1.781511685195522607e-08
-1.781511667509848223e-08
-1.781511685448023791e-08
-1.781511670398982315e-08
-1.781511682714355648e-08
-1.781511660654062148e-08
-1.781511682957081542e-08
-1.781511648523587836e-08
-1.781511680740489625e-08
-1.781511682659820623e-08
-1.781511681800089460e-08
-1.781511698699381434e-08
-1.781511662898263369e-08
-1.781511680526558881e-08
-1.781511677791564933e-08
-1.781511647624247296e-08
-1.781511685293027349e-08
-1.781511863084432341e-08
-1.781511677627430131e-08
-1.781511683094698257e-08
-1.781511701230998801e-08
-1.781511686926133672e-08
-1.781511679809938567e-08
-1.781511685617769193e-08
-1.781511676653037508e-08
-1.781511713740621934e-08
-1.781511670724655896e-08
-1.781511690489807084e-08
-1.781511677880188402e-08
-1.781511694056775652e-08
-1.781511677305486473e-08
-1.781511680025306289e-08
-1.781511681992968127e-08
-1.781511684812013551e-08
-1.781511733754861359e-08
-1.781511682050741068e-08
-1.781511685943367996e-08
-1.781511651024065823e-08
-1.781511679039775845e-08
-1.781511665363051821e-08
-1.781511673610565307e-08
-1.781511687357203959e-08
-1.781511674298602229e-08
-1.781511671464605680e-08
-1.781511682774492671e-08
-1.781511667231517829e-08
-1.781511684227948931e-08
-1.781511699296112837e-08
-1.781511672076752752e-08
-1.781511682647082703e-08
-1.781511725761297946e-08
-1.781511659820662461e-08
-1.781511679073556578e-08
-1.781511682782023654e-08
-1.781511689574229650e-08
-1.781511686278031376e-08
-1.781511668801854709e-08
-1.781511672839839440e-08
-1.781511680992695008e-08
-1.781511683476863641e-08
-1.781511749172458450e-08
-1.781511672039618960e-08
-1.781511692412647975e-08
-1.781511721844694030e-08
-1.781511663477198477e-08
-1.781511696193432474e-08
-1.781511659922354060e-08
-1.781511679435098033e-08
-1.781511673253264310e-08
-1.781511675016700880e-08
-1.781511667716287027e-08
-1.781511683469831613e-08
-1.781511675885175341e-08
-1.781511679086528755e-08
-1.781511672146073134e-08
-1.781511645514130729e-08
-1.781511683095996599e-08
-1.781511682122644901e-08
-1.781511677682843622e-08
-1.781511671151927769e-08
-1.781511666890079510e-08
-1.781511688925183375e-08
-1.781511674824741376e-08
-1.781511670027687739e-08
-1.781511686548414549e-08
-1.781511678623495547e-08
-1.781511657715432877e-08
-1.781511681023906518e-08
-1.781511673718833653e-08
-1.781511655204806046e-08
-1.781511698451055858e-08
-1.781511657311494445e-08
-1.781511685425017582e-08
-1.781511669072407621e-08
-1.781511664445795872e-08
-1.781511710861688303e-08
-1.781511679337037426e-08
-1.781511688389732821e-08
-1.781511672426565117e-08
-1.781511687295835760e-08
-1.781511676049373009e-08
-1.781511652270111508e-08
-1.781511683447913974e-08
-1.781511969368402387e-08
-1.781511656607752010e-08
-1.781511692271092887e-08
-1.781511669579578855e-08
-1.781511681735611393e-08
-1.781511693272052897e-08
-1.781511689185274767e-08
-1.781511685295465216e-08
-1.781511700488871877e-08
-1.781511698295228597e-08
-1.781511678242637440e-08
-1.781511690920309263e-08
-1.781511582254168572e-08
-1.781511684366318711e-08
-1.781511647064355209e-08
-1.781511685833260331e-08
-1.781511682357511917e-08
-1.781511692239011514e-08
-1.781511737353486791e-08
-1.781511677199564342e-08
-1.781511685570763166e-08
-1.781511681720561339e-08
-1.781511683355001077e-08
-1.781511674833230234e-08
-1.781511685249229459e-08
-1.781511642003038211e-08
-1.781511687473581654e-08
-1.781511671660756343e-08
-1.781511546080885736e-08
-1.781511626527378335e-08
-1.781511668609272174e-08
-1.781511697362260517e-08
-1.781511812817860965e-08
-1.781511732393006418e-08
-1.781511692210826493e-08
-1.781511676857068885e-08
-1.781511677683587423e-08
-1.781511684066132551e-08
-1.781511680687708222e-08
-1.781511685463438798e-08
-1.781511637404637954e-08
-1.781511675849797819e-08
-1.781511672171197587e-08
-1.781511683962337266e-08
-1.781511689700535497e-08
-1.781511679584851473e-08
-1.781511684574551835e-08
-1.781511675891108542e-08
-1.781511668010185291e-08
-1.781511727309753914e-08
-1.781511680703622516e-08
-1.781511656203798027e-08
-1.781511685677576668e-08
-1.781511473261479142e-08
-1.781511657844166334e-08
-1.781511634714486460e-08
-1.781511667894821720e-08
-1.781511684447330464e-08
-1.781511170800143908e-08
-1.781511682724833048e-08
-1.781511685986889277e-08
-1.781511685654389472e-08
-1.781511693556250980e-08
-1.781511682618701144e-08
-1.781511679893985742e-08
-1.781511696929088861e-08
-1.781511682524466081e-08
-1.781511675293799106e-08
-1.781511677590753935e-08
-1.781511664033086679e-08
-1.781511682706512652e-08
-1.781511681783795326e-08
-1.781511689382070630e-08
-1.781511646869414216e-08
-1.781511900121528971e-08
-1.781511676598358554e-08
-1.781511400775898821e-08
-1.781511665490830712e-08
-1.781511687744812853e-08
-1.781511681675699363e-08
-1.781511686008108776e-08
-1.781511738928764255e-08
-1.781511701094223163e-08
-1.781511676196748800e-08
-1.781511683231594332e-08
-1.781511698272210146e-08
-1.781511648276359433e-08
-1.781511682069359249e-08
-1.781511693121636389e-08
-1.781511685949940774e-08
-1.781511703511893422e-08
-1.781511629172276101e-08
-1.781511683504986789e-08
-1.781511682492036631e-08
-1.781511682774821889e-08
-1.781511685819604902e-08
-1.781511682646145011e-08
-1.781511715685374840e-08
-1.781511645938833380e-08
-1.781511681371541413e-08
-1.781511681034709828e-08
-1.781511759278442954e-08
-1.781511633947961347e-08
-1.781511680287242625e-08
-1.781511718653576810e-08
-1.781511655239538367e-08
-1.781511673612810937e-08
-1.781511687978123115e-08
-1.781511676596357438e-08
-1.781511703308309054e-08
-1.781511682408258124e-08
-1.781511646084142213e-08
-1.781511697100137238e-08
-1.781511820667563110e-08
-1.781511682046844055e-08
-1.781511735040744723e-08
-1.781511690037217528e-08
-1.781511697084421138e-08
-1.781511667857931119e-08
-1.781511678561709126e-08
-1.781511687189669445e-08
-1.781511695005213332e-08
-1.781511632119443530e-08
-1.781511668688516407e-08
-1.781511678300175130e-08
-1.781511693295906139e-08
-1.781511683454395430e-08
-1.781511682502516347e-08
-1.781511685133598874e-08
-1.781511672128393968e-08
-1.781511681059785642e-08
-1.781511661772921534e-08
-6.985056924981660753e-01
-1.781511685395940860e-08
-1.781511683105164408e-08
-1.781511683825274100e-08
-1.781511636178133253e-08
-1.781511687058112324e-08
-1.781511570314117192e-08
-1.781511751795779706e-08
-1.781511636939393196e-08
-1.781511665094096030e-08
-1.781511680344241987e-08
-1.781511674488765427e-08
-1.781511672668764593e-08
-1.781511682187307264e-08
-8.977675106403268379e-02
-1.781511679940105032e-08
-1.781512501355680982e-08
-1.781511682451202364e-08
-1.781511667599870620e-08
-1.781511683370687730e-08
-1.781511684534104026e-08
-1.781511671817090500e-08
-1.781511688191583359e-08
-1.781511681981883576e-08
-1.781511669335246576e-08
-1.781511687692556876e-08
-1.781511699096373534e-08
-1.781511679105730926e-08
-1.781511737995467289e-08
-1.781511681598321249e-08
-1.781511680626091869e-08
-1.781511682927483034e-08
-1.781511960633844626e-08
-1.781511708553958619e-08
-1.781511677293002333e-08
-1.781511680371033705e-08
-1.781511691322004050e-08
-1.781511661079755100e-08
-1.781511678964601671e-08
-1.781511685675847860e-08
-1.781511681874041723e-08
-1.781511631172670138e-08
-1.781511676326345172e-08
-1.781511683069210837e-08
-1.781511682890717172e-08
-1.781511747582910135e-08
-1.781511690786688161e-08
-1.781511766505327399e-08
-1.781511668742655709e-08
-1.781511673915980903e-08
-1.781511680329411631e-08
-1.781511692383388280e-08
-1.781511695299348832e-08
-1.781511676100852759e-08
-1.781511665209334532e-08
-1.781511670696968837e-08
-1.781511674719961415e-08
-1.781511702436963283e-08
-1.781511712962842864e-08
-1.781511690499253486e-08
-1.781511673875871908e-08
-1.781511657642719069e-08
-1.781511682975545206e-08
-1.781511682700127149e-08
-1.781511696351714146e-08
-1.781511616918288173e-08
-1.781511650388157162e-08
-1.781511689638816243e-08
-1.781511677020625323e-08
-1.781511682012026699e-08
-1.781511681867587398e-08
-1.781511686498703311e-08
-1.781511688075813146e-08
-1.781511679344716309e-08
-1.781511695325468880e-08
-1.781511684024778152e-08
-1.781511809112097445e-08
-1.781511694213375170e-08
-1.781511682158398294e-08
-1.781511687012075091e-08
-1.781511678068657534e-08
-1.781511670212358458e-08
-1.781511681906154198e-08
-1.781511654788261712e-08
-1.781511679493340151e-08
-1.781511684293872579e-08
-1.781511699056840257e-08
-1.781511684653991283e-08
-1.781511683778206530e-08
-1.781511681383651337e-08
-1.781511733978599156e-08
-1.781511655240135922e-08
-1.781511624167410210e-08
-1.781511678516687671e-08
-1.781511738941151451e-08
-1.781511688758797980e-08
-1.781511662932124173e-08
-1.781512048882835482e-08
-1.781511685063350726e-08
-1.781511680703595715e-08
-1.781511716340138918e-08
-1.781511669664304318e-08
-1.781511674944600839e-08
-1.781511686655584401e-08
-1.781511692229701431e-08
-1.781511680437989013e-08
-1.781511692117407693e-08
-1.781511688171223466e-08
-1.781511654097092753e-08
-1.781511668283424885e-08
-1.781511686404087745e-08
-1.781511673900128152e-08
-1.781511668568587791e-08
-1.781511685364827619e-08
-1.781511682708264290e-08
-1.781511679906367643e-08
-1.781511682547163256e-08
-1.781511678165955481e-08
-1.781511685426056521e-08
-1.781511686676367148e-08
-1.781511673315154956e-08
-1.781511679008469044e-08
-1.781511675859348777e-08
-1.781511678661262960e-08
-1.781511692600792521e-08
-8.977675106403379401e-02
-1.781511682240816254e-08
-1.781511681928179702e-08
-1.781511681487654079e-08
-1.781511747576456802e-08
-1.781511689844659146e-08
-1.781511675342761580e-08
-1.781511679465664673e-08
-1.781511675249730562e-08
-1.781511684107649076e-08
-1.781511690370197760e-08
-1.781511658752645566e-08
-1.781511676238593882e-08
-1.781511667679515540e-08
-1.781511679287574341e-08
-1.781511681717195375e-08
-1.781511686590277499e-08
-1.781511680723511246e-08
-1.781511663473421239e-08
-1.781511703850129560e-08
-1.781511682239181414e-08
-1.781511247843262095e-08
-1.781511686496790538e-08
-1.781511680579194037e-08
-1.781511646045662101e-08
-1.781511864447512832e-08
-1.781511646770222687e-08
-1.781511680213300289e-08
-1.781511679313922029e-08
-1.781511720278595292e-08
-1.781511696288152265e-08
-1.781511675259046601e-08
-1.781511678780713465e-08
-1.781511683190469559e-08
-1.781511677312203842e-08
-1.781511675087088656e-08
-1.781511670662236516e-08
-1.781511622429101402e-08
-1.781511681691240433e-08
-1.781511671480713534e-08
-1.781511685883123771e-08
-1.781511680543054847e-08
-1.781511681187922868e-08
-1.781511690006841801e-08
-1.781511689906595452e-08
-1.781511679913215706e-08
-1.781511681724939771e-08
-1.781511677273255877e-08
-1.781511684066715217e-08
-1.781511650036888628e-08
-1.781511682742620079e-08
-1.781511683199201608e-08
-1.781511633819908825e-08
-1.781511675193439598e-08
-1.781511682579096729e-08
-1.781511684148198463e-08
-1.781511667592062366e-08
-1.781511690023434383e-08
-1.781511682612900291e-08
-1.781511693994020437e-08
-1.781511683113170523e-08
-1.781511671613653370e-08
-1.781511683496733842e-08
-1.781511849813535699e-08
-1.781511688737553004e-08
-1.781511669649847186e-08
-1.781511672301661175e-08
-1.781511648229916550e-08
-1.781511694038622677e-08
-1.781511693552176288e-08
-1.781511687666394146e-08
-1.781511686317647371e-08
-1.781511725029890290e-08
-1.781511682652462024e-08
-1.781511666976861013e-08
-1.781511678046348142e-08
-1.781511682606229576e-08
-1.781511687767389259e-08
-1.781511688597729371e-08
-1.781511687202202555e-08
-1.781511751562439335e-08
-1.781511701542951109e-08
-1.781511681385635247e-08
-1.781511657036143886e-08
-1.781511698298767275e-08
-1.781511682001269381e-08
-1.781511551496601981e-08
-1.781511664278912515e-08
-1.781511681893787186e-08
-1.781511667915014853e-08
6.985726886989389751e-11
-1.781511674027100376e-08
-1.781511682022133192e-08
-1.781511684741807424e-08
-1.781511691173494029e-08
-1.781511922050057232e-08
-1.781511677907994244e-08
-1.781511676749802089e-08
-1.781511754383115297e-08
-1.781511615055775218e-08
-1.781511682695093920e-08
-1.781511672091896774e-08
-1.781511675173044302e-08
-1.781511688175540026e-08
-1.781511690308867611e-08
-1.781511681100364807e-08
-1.781511841585669407e-08
-1.781511696504011663e-08
-1.781511694148844494e-08
-1.781511682451124939e-08
-1.781511712870691966e-08
-1.781511622416613622e-08
-1.781511674369578627e-08
-1.781511671152141844e-08
-1.781511671032844532e-08
-1.781511165691793421e-08
-1.781511682771555849e-08
-1.781511683903022791e-08
-1.781511681900375514e-08
-1.781511665783366113e-08
-1.781511664157860588e-08
-1.781511681544194521e-08
-1.781511672580752575e-08
-1.781511683210223294e-08
-1.781511676018686593e-08
-1.781511681618355564e-08
-1.781511676468271829e-08
-1.781511688054652873e-08
-1.781511690382916820e-08
-1.781511660718643117e-08
-1.781511652262201676e-08
-1.781511683121863861e-08
-1.781511678804646778e-08
-1.781511677914046559e-08
-1.781511683556367940e-08
-1.781511695381886237e-08
-1.781511676958293293e-08
-1.781511686696992069e-08
-1.781511648999376831e-08
-1.781511688862078427e-08
3.232830669830377701e-14
-1.781511659851377993e-08
-1.781511677417528418e-08
-1.781511682173007296e-08
-1.781511665778545305e-08
-1.781511667843607329e-08
-1.781511687604814851e-08
-1.781511664077828216e-08
-1.781511681075877945e-08
-1.781511725336069540e-08
-1.781511671019523946e-08
-1.781511673324536177e-08
-1.781511670083678933e-08
-1.781511642258615183e-08
-1.781511697079945098e-08
-1.781511680806163464e-08
-1.781511683947346437e-08
-1.781511683932351307e-08
-1.781511665741083949e-08
-1.781511650167904773e-08
-1.781511711071403404e-08
-1.781511659568050105e-08
-1.781511659230304981e-08
-1.781511676691709194e-08
-1.781511656694791263e-08
-1.781511773633373355e-08
-1.781511674838301182e-08
-1.781511734276086392e-08
-1.781511675894514872e-08
-1.781511683339182736e-08
-1.781511641247306482e-08
-1.781511682350947742e-08
-1.781511681620282895e-08
-1.781511673362328736e-08
-1.781511671401630104e-08
-1.781511681756423589e-08
-1.781511666525423223e-08
-1.781511681497398597e-08
-1.781511692851703863e-08
-1.781511650010924421e-08
-1.781511610190759429e-08
-1.781511670552767103e-08
-1.781511686358162678e-08
-1.781511223038261231e-08
-1.092875789865388469e-15
-1.781511718975025814e-08
-1.781511644466476705e-08
-1.781511682645209966e-08
-1.781511676701719403e-08
-1.781511680734698699e-08
-1.781511682116035397e-08
-1.781511696395201347e-08
-1.781511682836602024e-08
-1.781511707985628297e-08
-1.781511677375753812e-08
-1.781511646857922361e-08
-1.781511724836523256e-08
-1.781511684176470173e-08
-1.781511839900397766e-08
-1.781511686549123278e-08
-1.781511678360854122e-08
-1.781511672154578867e-08
-1.781511684674143388e-08
-1.781511654750682897e-08
-1.781511643950939035e-08
-1.781511671797816530e-08
-1.781511661657170511e-08
-1.781511661589691433e-08
-1.781511680446402763e-08
-1.781511625241407289e-08
-1.781511674252718851e-08
-1.781511668875489997e-08
-1.781511680796638314e-08
-1.781511702265886781e-08
-1.781511688190600669e-08
-1.781511690207390748e-08
-1.781511682472812292e-08
-1.781511650122816150e-08
-1.781511676218513577e-08
-1.781511730284758618e-08
-1.781511684908827763e-08
-1.781511763802492910e-08
-1.781511668830133037e-08
-1.781511693056509482e-08
-1.781511670421218254e-08
-1.781511670987452500e-08
-1.781511681168356737e-08
-1.781511677216540735e-08
-1.781511684864741352e-08
-1.781511681889394526e-08
-1.781511677335549856e-08
-1.781511690844494190e-08
-1.781511677509371605e-08
-1.781511641274151802e-08
-1.781511676289569715e-08
-1.781511689386579095e-08
-1.781511683986606745e-08
-1.781511677684173728e-08
-1.781511663257715035e-08
-1.781511678068729002e-08
-1.781511685056838829e-08
-1.781511682166885167e-08
-1.781511671443657828e-08
-1.781511701221041531e-08
-1.781511681267465548e-08
-1.781511739056976920e-08
-1.781511667470133959e-08
-1.781511754188982956e-08
-1.781511756538713894e-08
-1.781511694686503951e-08
-1.781511682118881560e-08
-1.781511684901489016e-08
-1.781511681486349449e-08
-1.781511729610917108e-08
3.201800422230064188e-14
-1.781511684569271114e-08
-1.781511675468747805e-08
-1.781511692172528693e-08
-1.781511680189532081e-08
-1.781511686044246312e-08
-1.781511689273421119e-08
-1.781511671696412459e-08
-1.781511671556622244e-08
-1.781511686729871837e-08
-1.781511683490798656e-08
-1.781511691508250714e-08
-1.781511680461206318e-08
-1.781511674921391144e-08
-1.781511680681032544e-08
-1.781511688068683842e-08
-1.781511683466947730e-08
-1.781511681780105108e-08
-1.781511643339244597e-08
-1.781511663310616213e-08
-1.781511675925161252e-08
-1.781511672324665730e-08
-1.781511638032296978e-08
-1.781511747513448139e-08
-1.781511682621847077e-08
-1.781511653499669166e-08
-1.781511683734795761e-08
-1.781511683649808247e-08
-1.781511696981337228e-08
-1.781511664717613708e-08
-1.781511687756964467e-08
-1.781511684879729534e-08
-1.781511819910664395e-08
-1.781511681161196000e-08
-1.781511673002229553e-08
-1.781511682367188607e-08
-1.781511681575244896e-08
-1.781511674629037722e-08
-1.781511674005189354e-08
-1.781511689981933408e-08
-1.781511696243894462e-08
-1.781511685296819145e-08
-1.781511671404837580e-08
-1.781511689207808160e-08
-1.781511680770452423e-08
-1.781511673782219180e-08
-1.781511680201454401e-08
-1.781511677598362342e-08
-1.781511676348615190e-08
-1.781511673725848807e-08
-1.781511673656858304e-08
-1.781511689872848799e-08
-1.781511674456720781e-08
-1.781511688513059163e-08
-1.781511642725775360e-08
-1.781511683095702785e-08
-1.781511691453800723e-08
-1.781511673991000229e-08
-1.781511678935254626e-08
-1.781511680079239458e-08
-1.781511651277535801e-08
-1.781511680343725826e-08
-1.781511877022146737e-08
-1.781511679350258088e-08
-1.781511677537463651e-08
-1.781511680193038996e-08
-1.781511682254064709e-08
-1.781511680189624725e-08
-1.781511681426900310e-08
-1.781511685035434373e-08
-1.781511675028081561e-08
-1.781511675416033239e-08
-1.781511704055498985e-08
-1.781511678149353635e-08
-1.781511749773683429e-08
-1.781511621757898598e-08
-1.781511677077133008e-08
-1.781511684615152837e-08
-1.781511744155582227e-08
-1.781511670848887836e-08
-1.781511678873699154e-08
-1.781511681635595662e-08
-1.781511689403076055e-08
-1.781511689465091109e-08
-1.781511682823260262e-08
-1.781511679172523775e-08
-1.781511678562889347e-08
-1.781511756860923904e-08
-1.781511747639831080e-08
-1.781511682064390210e-08
-1.781511704626898147e-08
-1.781511681007011188e-08
-1.781511738284530848e-08
-1.781511681113875975e-08
-1.781511679548458504e-08
-1.781511672336235009e-08
-1.781511704788570266e-08
-1.781511695615232234e-08
-1.781511689354736612e-08
-1.781511683014285051e-08
-1.781511677976426234e-08
-1.781511653182775281e-08
-1.781511683592046225e-08
-1.781511488232241208e-08
-1.781511700123069118e-08
-1.781511650221324097e-08
-1.781511676546828179e-08
-1.781511634097357445e-08
-1.781511686673439259e-08
-1.781511806392146935e-08
-1.781511652700384392e-08
-1.781511680657890347e-08
-1.781511678324009844e-08
-1.781511643352694223e-08
-1.781511676386194998e-08
-1.781511168727558180e-08
-1.781511657140906973e-08
-1.781511679582853666e-08
-1.781511670908998720e-08
-1.781511682789720074e-08
-1.781511709680557437e-08
-1.781511684510649816e-08
-1.781511692958690411e-08
-1.781511683161184056e-08
-1.781511741467128107e-08
-1.781511876895816074e-08
-1.781511674094439495e-08
-1.781511676562748759e-08
-1.781511668691225920e-08
-1.781511648264019222e-08
-1.781511673994984261e-08
-1.781511682416697351e-08
-1.781511670189795948e-08
-1.781511840574871573e-08
-1.781511672732419119e-08
-1.781511695219981514e-08
-1.029775292985861010e-15
-1.781511672471511795e-08
-1.781511679157013477e-08
-1.781511672485114284e-08
-1.781511686096037413e-08
-1.781511680573399803e-08
-1.781511648800605991e-08
-1.781511681874159845e-08
-1.781511679171233373e-08
-1.781511672321438733e-08
-1.781511686520107436e-08
-1.781511691969670919e-08
-1.781511676401892570e-08
-1.781511680621844793e-08
-1.781511830553755469e-08
-1.781511699488688755e-08
-1.781511673083851103e-08
-1.781511680960816129e-08
-1.781511677645234697e-08
-1.781511672437580185e-08
-1.781511669459567852e-08
-1.781511675966603993e-08
-1.781511682415600510e-08
-1.781511684560079152e-08
-1.781511662090344815e-08
-1.781511682373716385e-08
-1.781511708481260362e-08
-1.781511680891482181e-08
-1.781511676816404356e-08
-1.781511672894119032e-08
-1.781511670963618448e-08
-1.781511843056815421e-08
-1.781511647140339358e-08
-1.781511681451966198e-08
-1.781511682259697148e-08
-1.781511681167450809e-08
-1.781511669842120356e-08
-1.781511672525124348e-08
-1.781511645158791805e-08
-1.781511682582822350e-08
-1.781511724068585319e-08
-1.781511651515189423e-08
-1.781511690855942369e-08
-1.781511706641401899e-08
-1.781511686152906411e-08
-1.781511683280395341e-08
-1.781511681525520422e-08
-1.781511679349803800e-08
-1.781511673779344562e-08
-1.781511672499575386e-08
-1.781511677081512102e-08
-1.781511675672888039e-08
-1.781511683710727783e-08
-1.781511679548854558e-08
-1.781511673771968096e-08
-1.781511670116311539e-08
-1.781511687231417250e-08
-1.781511683400899013e-08
-1.781511687562763304e-08
-1.781511683926745007e-08
-1.781511656306856460e-08
-1.781511681495569205e-08
-1.781511554893724230e-08
-1.781511683237217175e-08
-1.781511672388312976e-08
-1.781511727833625594e-08
-1.781511674952263179e-08
-1.781511345079492220e-08
-1.781511682337142098e-08
-1.781511681494736068e-08
-1.781511694295604202e-08
-1.781511670956373339e-08
-1.781511689413774147e-08
-1.781511643182696695e-08
-1.781511671126808279e-08
-1.781511673341618449e-08
-1.781511685532843883e-08
-1.781511505268402125e-08
-1.781511650880615500e-08
-1.781511681588552908e-08
-1.781511682408989683e-08
-1.781511676891277767e-08
-1.781511681793638444e-08
-1.781511569123024756e-08
-1.781512070201980777e-08
-1.781511684517936947e-08
-1.781511676765551939e-08
-1.781511688023849660e-08
-1.781511673030822209e-08
-1.781511683570000538e-08
-1.781511659834730487e-08
-1.781511687624768432e-08
-1.781511686427999221e-08
-1.781511686329778471e-08
-1.781511690255700412e-08
-1.781511697120818739e-08
-1.781511683976411247e-08
-1.781511674195552068e-08
-1.781511673898863227e-08
-1.781511679045784154e-08
-1.781511645298624040e-08
-1.781511683990402842e-08
-1.781511701743829605e-08
-1.781511685028877809e-08
-1.781511675492717183e-08
-1.781511681887446020e-08
-1.781511686707088967e-08
-1.781511669411484174e-08
-1.781511688443018141e-08
-1.781511748913127071e-08
-1.781511660040337478e-08
-1.781511690421416453e-08
-1.781511678932971608e-08
-1.781511688218831019e-08
-1.781511683403634003e-08
-1.781511663338196400e-08
-1.781511688475392998e-08
-1.781511678456845785e-08
-1.781511734808695084e-08
-1.781511662902836685e-08
-1.781511676468635458e-08
-1.781511681127987015e-08
-1.781511695045733271e-08
-1.781511746222025642e-08
-1.781511687237332915e-08
-1.781511682886592519e-08
-1.781511677705432270e-08
-1.781511662141168115e-08
-1.781511683351970618e-08
-1.781511688811756399e-08
-1.781511672411081950e-08
-1.781511685313366728e-08
-1.781511681057998271e-08
-1.781511671787876797e-08
-1.781511682781612049e-08
-1.781511664093865263e-08
-1.781511684603639476e-08
-1.781511678292576318e-08
-1.781511678150407794e-08
-1.781511686202128290e-08
-1.781511732033035945e-08
-1.781511706511895194e-08
-1.781511678863292891e-08
-1.781511687422708061e-08
-1.781511675467889853e-08
-1.781511688353712414e-08
-1.781511672303185173e-08
-1.781511682295731451e-08
-1.781511644724937559e-08
-1.781511692098809033e-08
-1.781511681559240274e-08
-1.781511700289919719e-08
-1.781511674728447627e-08
-1.781511682896961724e-08
-1.781511695781443590e-08
-1.781511685993895497e-08
-1.781511686529911181e-08
-1.781511210286498509e-08
-1.781511670649880753e-08
-1.781511668504014764e-08
-1.781511682294623029e-08
-1.781511671809190595e-08
-1.781511685008139729e-08
-1.781511678627408773e-08
-1.781511679416827929e-08
-1.781511670319371475e-08
-1.781511688285328400e-08
-1.781511689954280098e-08
-1.781511678818288641e-08
-1.781511677024330761e-08
-1.781511713405482761e-08
-1.781511686518675752e-08
-1.781511674921763706e-08
-1.781511656821707570e-08
-1.781511741396414091e-08
-1.781511665402287314e-08
-1.781511625981741548e-08
-1.781511673649386547e-08
-1.781511646035240949e-08
-1.781511681562889133e-08
-1.781511679568735017e-08
-1.781511660173859980e-08
-1.781511678385764170e-08
-1.781511684165495140e-08
-1.781511683519868761e-08
-1.781511642881738610e-08
-1.781511674528348666e-08
-1.781511671099841199e-08
-1.781511689570670788e-08
-1.781511688679421066e-08
-1.781511684362730402e-08
-1.781511780227694256e-08
-1.781511682198905990e-08
-1.781511664560760412e-08
-1.781511673836800528e-08
-1.781511866630877566e-08
-1.781511695318000762e-08
-1.781511673773118870e-08
-1.781511680654497252e-08
-1.781511677777617013e-08
-1.781511675344181022e-08
-1.781511671362395604e-08
-6.985056924981675186e-01
-1.781511681303631870e-08
-1.781511688606209957e-08
-1.781511688550959255e-08
-1.781511749971410697e-08
-1.781511688134848364e-08
-1.781511705920773068e-08
-1.781511710425362110e-08
-1.781511749247223666e-08
-1.781511688786045309e-08
-1.781511676921207147e-08
-1.781511684169992356e-08
-1.781511662515187425e-08
-1.781511679164902464e-08
-1.781511689958707500e-08
-1.781511672691029979e-08
-1.781511689161513839e-08
-1.781511618621294235e-08
-1.781511685379410813e-08
-1.781511684250351629e-08
-1.781511680911470504e-08
-1.781511664070188707e-08
-1.781511715376152227e-08
-1.781511681060991672e-08
-1.781511661817979716e-08
-1.781511682038175533e-08
-1.781511683417242116e-08
-1.781511679650075657e-08
-1.781511680997197849e-08
-1.781511681251307071e-08
-1.781511590726067040e-08
-1.781511677805781851e-08
-1.781511688489980824e-08
-1.781511686571946845e-08
-1.781511680626656668e-08
-1.781511671963619921e-08
-1.781511681923524660e-08
-1.781511685380651584e-08
-1.781511672364426978e-08
-1.781511681516241441e-08
-1.781511691423096109e-08
-1.781511686502470953e-08
-1.781511688291664603e-08
-1.781511668532365222e-08
-1.781511683628791904e-08
-1.781511659705424290e-08
-1.781511692364652639e-08
-1.781511687581175021e-08
-1.781511787655878727e-08
-1.781511669804304968e-08
-1.781511685165408932e-08
-1.781511680673245797e-08
-1.781511680984531066e-08
-1.781511681319580243e-08
-1.781511701018211882e-08
-1.781511681063103960e-08
-1.781511673755656095e-08
-1.781511666208360262e-08
-1.781511697710857589e-08
-1.781511680733221023e-08
-1.781511684989644632e-08
-1.781511682960292326e-08
-1.781511755685419189e-08
-8.977675106403351646e-02
-1.781511662755008591e-08
-1.781511646858276394e-08
-1.781511699935971451e-08
-1.781511682539313312e-08
-1.781511643003729883e-08
-1.781511690078955076e-08
-1.781511637539988194e-08
-1.781511672281296981e-08
-1.781511670097555053e-08
-1.781511680062182332e-08
-1.781511660688194929e-08
-1.781511672520647978e-08
-1.781511686868305476e-08
-1.781511678298632273e-08
-1.781511747145492064e-08
-1.781511695346414085e-08
-1.781511710398006586e-08
-1.781511669770177812e-08
-1.781511679415385988e-08
-1.781511683363129615e-08
-1.781511687254052552e-08
-1.781511679292722382e-08
-1.781511685555527161e-08
-1.781511676381616719e-08
-1.781511682779590751e-08
-1.781511682248573554e-08
-1.781511702206896561e-08
-1.781511695600993477e-08
-1.781511681242369219e-08
-1.781511683111978721e-08
-1.781511752850026029e-08
-1.781511692883641307e-08
-1.781511682862238667e-08
-1.781511717620724356e-08
-1.781511670765152673e-08
-1.781511672668796356e-08
-1.781511690078684423e-08
-1.781511733072182251e-08
-1.781511666460490207e-08
-1.781511677509950632e-08
-1.781511695793185584e-08
-1.781511695755334461e-08
-1.781511683762945379e-08
-1.781511693664175881e-08
-1.781511687625575099e-08
-1.781511672365623412e-08
-1.781511684528524859e-08
-1.781511682398354125e-08
-1.781511783339394196e-08
-1.781511670197680965e-08
-1.781511682726641596e-08
-1.781511873540966724e-08
-1.781511667078361037e-08
-1.781511662094305356e-08
-1.781511685859548462e-08
-1.781511681854160603e-08
-1.781511257732730089e-08
-1.781511663651127759e-08
-1.781511729610916115e-08
-1.781511682153640351e-08
-1.781511672427188149e-08
-1.781511679725009948e-08
-1.781511570606278046e-08
-1.781511683378989976e-08
-1.781511683495467925e-08
-1.781511679443998165e-08
-1.781511681470113879e-08
-1.781511670235810682e-08
-1.781511682957257897e-08
-1.781511687000661322e-08
-1.781511741758443914e-08
-1.781511645859741678e-08
-1.781511661447294607e-08
-1.781511681071711271e-08
-1.781511672200235928e-08
-1.781511678848755688e-08
-1.781511589682320617e-08
-1.781511678549425163e-08
-1.781511680323797060e-08
-1.781511660877601091e-08
-1.781511682486982888e-08
-1.781511680847096000e-08
-1.781511681686023239e-08
-1.781511802672535420e-08
-1.781511674926814802e-08
-1.781511655933133281e-08
-1.781511674051247763e-08
-1.781511679984986197e-08
-1.781511698075034441e-08
-1.781511698643107675e-08
-1.781511655872318963e-08
-1.781511723022184639e-08
-1.781511682895573715e-08
-1.781511687890888979e-08
-1.781511675124888824e-08
-1.781511681222840147e-08
-1.781511687607261651e-08
-1.781511681126247619e-08
-1.781511644463753626e-08
-1.781511710268607083e-08
-1.781511685385599117e-08
-1.781511705204033971e-08
6.985656503261266135e-11
-1.781511754052659290e-08
-1.781511671867694432e-08
-1.781511671318996415e-08
-1.781511681319385359e-08
-1.781511673357770970e-08
-1.781511671693166272e-08
-1.781511690125288771e-08
-1.781511680959081035e-08
-1.781511694554067372e-08
-1.781511723876572545e-08
-1.781511663982459255e-08
-1.781511703948074693e-08
-1.781511695022285348e-08
-1.781511681994395841e-08
-1.781511658385597073e-08
-1.781511671743056181e-08
-1.781511645766409897e-08
-1.781511672622205243e-08
-1.781511691858121643e-08
-1.781511697608626337e-08
-1.781511926837393482e-08
-1.781511688413838518e-08
-1.781511679183606672e-08
-1.781511634874960160e-08
-1.781511669126810628e-08
-1.781511681199575195e-08
-1.781511669513897736e-08
-1.781511766280899402e-08
-1.781511686422186457e-08
-1.781511681272444844e-08
-1.781511670736539503e-08
-1.781511668180257265e-08
-1.781511671622066458e-08
-1.781511676406875837e-08
-1.781511682592015966e-08
-1.781511681888744693e-08
-1.781511750846284558e-08
-1.781511676224774341e-08
-1.781511675193374085e-08
-1.781511673436988734e-08
-1.781511680294849709e-08
-1.781511675865288265e-08
-1.781511683057939012e-08
-1.781511671905766578e-08
-1.781511662992614237e-08
-1.781511706177053805e-08
-1.781511692614489970e-08
-1.781511681680633661e-08
-1.781511675481586972e-08
-1.781511674695999978e-08
-1.781511683272565249e-08
-1.781511680563838918e-08
-1.781511687986864098e-08
-1.781511680390902584e-08
-1.781511681899122832e-08
-1.781511682540223210e-08
-1.781511673319270014e-08
-1.781511679362524184e-08
-1.781512072957459357e-08
-1.781511681170479614e-08
-1.781511684388106648e-08
-1.781511705521218032e-08
-1.781511674577066295e-08
-1.781511694041762324e-08
-1.781511681574142429e-08
-1.781511682605471548e-08
-1.781511725384391777e-08
-1.781511682287465270e-08
-1.781511688351639168e-08
-1.781511749947778809e-08
-1.781511680888628408e-08
-1.781511672519295703e-08
-1.781511670265650065e-08
-1.781511684532084713e-08
-1.781511721614920130e-08
-1.781511691609447328e-08
-1.781511719845712487e-08
-1.781511674362804017e-08
-1.781511678077739977e-08
-1.781511641598153815e-08
-1.781511691587964455e-08
-1.781511692258312947e-08
-1.781511839077038728e-08
-1.781511681470894076e-08
-1.781511684650615063e-08
-1.781511678145352728e-08
-1.781511685100204269e-08
-1.781511667712469754e-08
-1.781511679280023506e-08
-1.781511691176947011e-08
-1.781511683111273302e-08
-1.781511752545880652e-08
-1.781511684079268840e-08
-1.781511690222970530e-08
-1.781511649596157202e-08
-1.781511679412783678e-08
-1.781511675978598774e-08
-1.781511681408755938e-08
-1.781511681772666107e-08
-1.781511683139472551e-08
-1.781511682707478137e-08
-1.781511682138709079e-08
-1.781511680881680091e-08
-1.781511673222210626e-08
-1.781511696390523475e-08
-1.781511668265421796e-08
-1.781511674657398768e-08
-1.781511672898870026e-08
-1.781511674162158787e-08
-1.781511685394734830e-08
-1.781511692183219837e-08
-1.781511681083954867e-08
-1.781511714380998033e-08
-1.781511693056621647e-08
-1.781511671960293332e-08
-1.781511675799628653e-08
-1.781511676719079939e-08
-1.781511677787684794e-08
-1.781511668929544595e-08
-1.781511653144377226e-08
-1.781511673116852301e-08
-1.781511680470372472e-08
-1.781511678742448752e-08
-1.781511684850142938e-08
-1.781511696136011581e-08
-1.781511684887276068e-08
-1.781511683036215264e-08
-1.781511681264179656e-08
-1.781511697317557030e-08
-1.781511675446454626e-08
-1.781511687073758611e-08
-1.781511661255223269e-08
-1.781511656873134712e-08
-1.781511681372433444e-08
-1.781511744921032005e-08
-1.781511668999620359e-08
-1.781511677139275117e-08
-1.781511697709552298e-08
-1.781511684973100689e-08
-1.781511675726653456e-08
-1.781511682131609553e-08
-1.781511676832722975e-08
-1.781511653664685742e-08
-1.781511647179221810e-08
-1.781511682938008742e-08
-1.781511643295924486e-08
-1.781511677457516976e-08
-1.781511681089877150e-08
-1.781511681082029853e-08
-1.781511697508520939e-08
-1.781511680460048927e-08
-1.781511686111121217e-08
-1.781511679523679481e-08
-1.781511677762465381e-08
-1.781511686760708799e-08
-1.781511675628794350e-08
-1.781511680204399164e-08
-1.781511687702869833e-08
-1.781511690750567500e-08
-1.781511682019300264e-08
-1.781511682823888258e-08
-1.781511681585241208e-08
-1.781511674215363705e-08
-1.781511663773593503e-08
-1.781511676549698165e-08
-1.781511693207135432e-08
-1.781511687237322658e-08
-1.781511677984951488e-08
-1.781511679198458865e-08
-1.781511684661717150e-08
-1.781511649493262221e-08
-1.781511684791088529e-08
-1.781511703491568602e-08
-1.781511682788406842e-08
-1.781511681773157783e-08
-1.781511680159218559e-08
-1.781511690987508754e-08
-1.781511657037986514e-08
-1.781511679839180063e-08
-1.781511647476749412e-08
-1.781511679103065088e-08
-1.781511674724295842e-08
-1.781511672273666074e-08
-1.781511706995031868e-08
-1.781511680244155118e-08
-1.781511671732119199e-08
-1.781511681432379223e-08
-1.781511650220448609e-08
-1.781511673739690516e-08
-1.781511669053404966e-08
-1.781511673277213836e-08
-1.781511681536233734e-08
-1.781511681445171075e-08
-1.781511679424434351e-08
-1.781511840334713248e-08
-1.781511685142396105e-08
-1.781511688194057291e-08
-1.781511645911930157e-08
-1.781511666031194388e-08
-1.781511660253481077e-08
-1.781511686206844543e-08
-1.781511655822234831e-08
-1.781511673789168159e-08
-1.781511760946623721e-08
-1.781511671099523561e-08
-1.781511676652395616e-08
-1.781511682908943270e-08
-1.781511678736868260e-08
-1.781511681510295336e-08
-1.781511682874658949e-08
-1.781511661811978025e-08
-1.781511676689751093e-08
-1.781511687163862071e-08
-1.781511673419196079e-08
-1.781511679602200428e-08
-1.781511859924656333e-08
-1.781511687807343075e-08
-1.781511682359295318e-08
-1.781511668085698279e-08
-1.781511691677464074e-08
-1.781511694343537333e-08
-1.781511675662882463e-08
-1.781511751529370308e-08
-1.781511681147219957e-08
-1.781511711788045224e-08
-1.781511681282721075e-08
-1.781511670610914922e-08
-1.781511711680215614e-08
-1.781511666920157451e-08
-1.781511682845978612e-08
-1.781511695312401080e-08
-1.781511674461465489e-08
-1.781511691871294329e-08
-1.781511685448832112e-08
-1.781511677632872648e-08
-1.781511679229892390e-08
-1.781511685696155144e-08
-1.781511663193562215e-08
-1.781511685968257861e-08
-1.781511755314736065e-08
-1.781511706304703325e-08
-1.781511692252690104e-08
-1.781511682420524220e-08
-1.781511710636842415e-08
-1.781511673518105374e-08
-1.781511523270479380e-08
-1.781511682601032566e-08
-1.781511673670025696e-08
-1.781511670068400576e-08
-1.781511694473274656e-08
-1.781511682121714157e-08
-1.781511683274130275e-08
-1.781511213669209288e-08
-1.781511675513843707e-08
-1.781511679838308877e-08
-1.781511694223085939e-08
-1.781511670799182222e-08
-1.781511677973615143e-08
-1.781511672222828877e-08
-1.781511685386966943e-08
-1.781511680289339363e-08
-1.781511671350111641e-08
-1.781511687622524457e-08
-1.781511676317079095e-08
-1.781511683106659619e-08
-1.781511679630776871e-08
-1.781511696751872032e-08
-1.781511613506552950e-08
-1.781511675199564374e-08
-1.781511684047333382e-08
-1.781511674004938553e-08
-1.781511683288838208e-08
-1.781511749743583980e-08
-1.781511671931861149e-08
-1.781511694752395835e-08
-1.781511676950777861e-08
-1.781511682286519637e-08
-1.781511680680233818e-08
-1.781511662160630682e-08
-1.781511670362603574e-08
-1.781511667541530234e-08
-1.781511681989139935e-08
-1.781511675707441028e-08
-1.781511683055988520e-08
-1.781511682863324590e-08
-1.781511679976452671e-08
-1.781511664210165203e-08
-1.781511667598774110e-08
-1.781511322248040073e-08
-1.781511724562054141e-08
-1.781511682527860831e-08
-1.781511687246585427e-08
-1.781511666213817007e-08
-1.781511672832415329e-08
-1.781511728084299701e-08
-1.781511692725883406e-08
-1.781511683452361558e-08
-1.781511682719367701e-08
-1.781511678464820137e-08
-1.781511694699317310e-08
-1.781511685157162272e-08
-1.781511658864727877e-08
-1.781511666234771478e-08
-1.781511555189390345e-08
-1.781511683792420471e-08
