-2.595870658256067831e-02
-2.595870658252830143e-02
-2.595870658255999830e-02
-2.595870658251636653e-02
-2.595870658255958197e-02
-2.595870658252893981e-02
-2.595870658255960972e-02
-2.595870658252724672e-02
-2.595870658255655661e-02
-2.595870658255969299e-02
-2.595870658251850371e-02
-2.595870658255855501e-02
-2.595870658252796837e-02
-2.595870658256016483e-02
-2.595870658255911012e-02
-2.595870658255988728e-02
-2.595870658252630303e-02
-2.595870658258797592e-02
-2.595870658256071994e-02
-2.595870658255930441e-02
-2.595870658252949492e-02
-2.595870658256008157e-02
-2.595870658255944319e-02
-2.595870658255916563e-02
-2.595870658251837881e-02
-2.595870658255965135e-02
-2.595870658255959584e-02
-2.595870658256013708e-02
-2.595870658256001218e-02
-2.595870658255949176e-02
-2.595870658256031749e-02
-2.595870658256052566e-02
-2.595870658255722274e-02
-2.595870658255869379e-02
-2.595870658256005381e-02
-2.595870658255718111e-02
-2.595870658256069913e-02
-2.595870658255932523e-02
-2.595870658256062280e-02
-2.595870658255975891e-02
-2.595870658250867824e-02
-2.595870658255945707e-02
-2.595870658255131080e-02
-2.595870658255942237e-02
-2.595870658255941543e-02
-2.595870658256084831e-02
-2.595870658255936686e-02
-2.595870658255898522e-02
-2.595870658255941543e-02
-2.595870658255944319e-02
-2.595870658255965135e-02
-2.595870658255942931e-02
-2.595870658256088648e-02
-2.595870658252123764e-02
-2.595870658252821817e-02
-2.595870658255995667e-02
-2.595870658255951258e-02
-2.595870658255945707e-02
-2.595870658256012320e-02
-2.595870658252831531e-02
-2.595870658255941543e-02
-2.595870658255945013e-02
-2.595870658256000524e-02
-2.595870658255913788e-02
-2.595870658256005381e-02
-2.595870658255916216e-02
-2.595870658252846797e-02
-2.595870658256003299e-02
-2.595870658256006422e-02
-2.595870658256012320e-02
-2.595870658252754509e-02
-2.595870658255939115e-02
-2.595870658256053606e-02
-2.595870658255954380e-02
-2.595870658256020300e-02
-2.595870658252812796e-02
-2.595870658255952992e-02
-2.595870658255939115e-02
-2.595870658255959237e-02
-2.595870658255940155e-02
-2.595870658256002605e-02
-2.595870658255938421e-02
-2.595870658255144264e-02
-2.595870658252844368e-02
-2.595870658255929400e-02
-2.595870658255929747e-02
-2.595870658255971380e-02
-2.595870658255923155e-02
-2.595870658252138335e-02
-2.595870658255935298e-02
-2.595870658255933563e-02
-2.595870658255155367e-02
-2.595870658256015095e-02
-2.595870658255931482e-02
-2.595870658255919339e-02
-2.595870658255911706e-02
-2.595870658255926625e-02
-2.595870658256009544e-02
-2.595870658255972074e-02
-2.595870658255948135e-02
-2.595870658256018218e-02
-2.595870658256004340e-02
-2.595870658255927665e-02
-2.595870658256073035e-02
-2.595870658255945707e-02
-2.595870658255898522e-02
-2.595870658255946747e-02
-2.595870658256006769e-02
-2.595870658255778132e-02
-2.595870658255930094e-02
-2.595870658252826674e-02
-2.595870658255692784e-02
-2.595870658255932176e-02
-2.595870658255948482e-02
-2.595870658255908237e-02
-2.595870658255939809e-02
-2.595870658255741356e-02
-2.595870658256083097e-02
-2.595870658255954033e-02
-2.595870658256015442e-02
-2.595870658255699376e-02
-2.595870658251799371e-02
-2.595870658255969299e-02
-2.595870658255947094e-02
-2.595870658255704580e-02
-2.595870658255961666e-02
-2.595870658256005034e-02
-2.595870658255930788e-02
-2.595870658252819735e-02
-2.595870658255938074e-02
-2.595870658255934257e-02
-2.595870658256003993e-02
-2.595870658252824245e-02
-2.595870658256053259e-02
-2.595870658255640742e-02
-2.595870658255709437e-02
-2.595870658256020300e-02
-2.595870658255147387e-02
-2.595870658255951258e-02
-2.595870658252825286e-02
-2.595870658255730601e-02
-2.595870658256061933e-02
-2.595870658255933910e-02
-2.595870658255714641e-02
-2.595870658255934604e-02
-2.595870658256013708e-02
-2.595870658255953339e-02
-2.595870658256039729e-02
-2.595870658252789204e-02
-2.595870658252823204e-02
-2.595870658252818347e-02
-2.595870658252819041e-02
-2.595870658255942931e-02
-2.595870658256003646e-02
-2.595870658251736920e-02
-2.595870658255938421e-02
-2.595870658255943278e-02
-2.595870658252817653e-02
-2.595870658256002259e-02
-2.595870658252816959e-02
-2.595870658255754887e-02
-2.595870658255993585e-02
-2.595870658252767693e-02
-2.595870658256060892e-02
-2.595870658252816265e-02
-2.595870658255964442e-02
-2.595870658255892277e-02
-2.595870658255998442e-02
-2.595870658256072341e-02
-2.595870658252810714e-02
-2.595870658255973462e-02
-2.595870658255703539e-02
-2.595870658255721580e-02
-2.595870658255956462e-02
-2.595870658252220214e-02
-2.595870658253608687e-02
-2.595870658255897828e-02
-2.595870658256080668e-02
-2.595870658256004340e-02
-2.595870658255879093e-02
-2.595870658256098362e-02
-2.595870658256093852e-02
-2.595870658255955074e-02
-2.595870658255764601e-02
-2.595870658256048402e-02
-2.595870658255997401e-02
-2.595870658251718879e-02
-2.595870658255942584e-02
-2.595870658255992891e-02
-2.595870658255152938e-02
-2.595870658255941196e-02
-2.595870658255153979e-02
-2.595870658252292726e-02
-2.595870658256008850e-02
-2.595870658255939462e-02
-2.595870658255940155e-02
-2.595870658255944319e-02
-2.595870658252828755e-02
-2.595870658255938768e-02
-2.595870658255912747e-02
-2.595870658255147040e-02
-2.595870658252814184e-02
-2.595870658252281971e-02
-2.595870658252043273e-02
-2.595870658252822163e-02
-2.595870658255900604e-02
-2.595870658255831562e-02
-2.595870658255767377e-02
-2.595870658256004340e-02
-2.595870658256072688e-02
-2.595870658256011973e-02
-2.595870658255944319e-02
-2.595870658256062627e-02
-2.595870658255945707e-02
-2.595870658255949523e-02
-2.595870658256010585e-02
-2.595870658252824939e-02
-2.595870658256007463e-02
-2.595870658255948135e-02
-2.595870658255923849e-02
-2.595870658255941196e-02
-2.595870658255976238e-02
-2.595870658252816265e-02
-2.595870658255907890e-02
-2.595870658256100097e-02
-2.595870658252814184e-02
-2.595870658255952299e-02
-2.595870658252167479e-02
-2.595870658255911359e-02
-2.595870658255976238e-02
-2.595870658255904073e-02
-2.595870658255942931e-02
-2.595870658252002680e-02
-2.595870658255946400e-02
-2.595870658252842633e-02
-2.595870658255972074e-02
-2.595870658256009891e-02
-2.595870658255947094e-02
-2.595870658255941543e-02
-2.595870658255920033e-02
-2.595870658255942237e-02
-2.595870658256004340e-02
-2.595870658255940155e-02
-2.595870658256010585e-02
-2.595870658256007116e-02
-2.595870658255927318e-02
-2.595870658252815572e-02
-2.595870658252814878e-02
-2.595870658251262994e-02
-2.595870658255941196e-02
-2.595870658251215463e-02
-2.595870658255729560e-02
-2.595870658255940849e-02
-2.595870658256008504e-02
-2.595870658252838817e-02
-2.595870658251818452e-02
-2.595870658255941890e-02
-2.595870658255942584e-02
-2.595870658255940849e-02
-2.595870658255999483e-02
-2.595870658255955768e-02
-2.595870658256013014e-02
-2.595870658255913441e-02
-2.595870658252779489e-02
-2.595870658255947788e-02
-2.595870658255951258e-02
-2.595870658256008850e-02
-2.595870658255942584e-02
-2.595870658255942237e-02
-2.595870658256097668e-02
-2.595870658255958197e-02
-2.595870658255756969e-02
-2.595870658255951258e-02
-2.595870658255992197e-02
-2.595870658255945013e-02
-2.595870658251813248e-02
-2.595870658255952645e-02
-2.595870658255997748e-02
-2.595870658251817412e-02
-2.595870658255704233e-02
-2.595870658255928359e-02
-2.595870658255942237e-02
-2.595870658255912400e-02
-2.595870658255151550e-02
-2.595870658255945013e-02
-2.595870658255951952e-02
-2.595870658255963401e-02
-2.595870658252117519e-02
-2.595870658252819388e-02
-2.595870658256001218e-02
-2.595870658255959931e-02
-2.595870658255939809e-02
-2.595870658252816265e-02
-2.595870658255914482e-02
-2.595870658255905114e-02
-2.595870658255942584e-02
-2.595870658255749336e-02
-2.595870658256107036e-02
-2.595870658255940849e-02
-2.595870658255940849e-02
-2.595870658255946747e-02
-2.595870658255950911e-02
-2.595870658255942931e-02
-2.595870658256129934e-02
-2.595870658255943972e-02
-2.595870658255904767e-02
4.793752135890654579e-07
-2.595870658255945013e-02
-2.595870658255943625e-02
-2.595870658256007810e-02
-2.595870658255952645e-02
-2.595870658255957850e-02
-2.595870658256006075e-02
-2.595870658251810473e-02
-2.595870658255953339e-02
-2.595870658256034524e-02
-2.595870658256004687e-02
-2.595870658252827021e-02
-2.595870658255976238e-02
-2.595870658255946400e-02
6.161259625924367226e-08
-2.595870658256004687e-02
-2.595870658252079702e-02
-2.595870658255924890e-02
-2.595870658252819041e-02
-2.595870658255939462e-02
-2.595870658256100444e-02
-2.595870658252823898e-02
-2.595870658255934951e-02
-2.595870658255969993e-02
-2.595870658256022034e-02
-2.595870658255906502e-02
-2.595870658254860810e-02
-2.595870658255958544e-02
-2.595870658251727553e-02
-2.595870658255930441e-02
-2.595870658255942237e-02
-2.595870658255954380e-02
-2.595870658255882563e-02
-2.595870658256058811e-02
-2.595870658256010238e-02
-2.595870658255944319e-02
-2.595870658256005034e-02
-2.595870658255907890e-02
-2.595870658256098709e-02
-2.595870658255955074e-02
-2.595870658255957850e-02
-2.595870658252421442e-02
-2.595870658255947094e-02
-2.595870658255943625e-02
-2.595870658255944319e-02
-2.595870658251811861e-02
-2.595870658255936339e-02
-2.595870658258359748e-02
-2.595870658252811408e-02
-2.595870658252822510e-02
-2.595870658255946054e-02
-2.595870658255941196e-02
-2.595870658255960625e-02
-2.595870658255727825e-02
-2.595870658255926625e-02
-2.595870658256009544e-02
-2.595870658256087607e-02
-2.595870658256050831e-02
-2.595870658255924196e-02
-2.595870658256092811e-02
-2.595870658252817653e-02
-2.595870658256083444e-02
-2.595870658255940155e-02
-2.595870658255935992e-02
-2.595870658255911706e-02
-2.595870658252807245e-02
-2.595870658256007463e-02
-2.595870658256005381e-02
-2.595870658256096974e-02
-2.595870658255946054e-02
-2.595870658256009197e-02
-2.595870658255942931e-02
-2.595870658255999136e-02
-2.595870658255940849e-02
-2.595870658255928359e-02
-2.595870658255913788e-02
-2.595870658256062974e-02
-2.595870658255903726e-02
-2.595870658255936339e-02
-2.595870658255911012e-02
-2.595870658256017177e-02
-2.595870658252810020e-02
-2.595870658253550400e-02
-2.595870658252840552e-02
-2.595870658255906849e-02
-2.595870658256008850e-02
-2.595870658255994279e-02
-2.595870658255930788e-02
-2.595870658255943625e-02
-2.595870658252822857e-02
-2.595870658255538393e-02
-2.595870658252841245e-02
-2.595870658251779248e-02
-2.595870658256030361e-02
-2.595870658256098362e-02
-2.595870658255972768e-02
-2.595870658252812796e-02
-2.595870658252766999e-02
-2.595870658255941890e-02
-2.595870658255942237e-02
-2.595870658252291338e-02
-2.595870658256010585e-02
-2.595870658256005034e-02
-2.595870658256087954e-02
-2.595870658256078239e-02
-2.595870658255902685e-02
-2.595870658255956462e-02
-2.595870658256008504e-02
-2.595870658252916185e-02
-2.595870658252815572e-02
-2.595870658256012320e-02
-2.595870658252818347e-02
-2.595870658255932176e-02
-2.595870658255911359e-02
-2.595870658255951952e-02
-2.595870658255966176e-02
-2.595870658255949176e-02
-2.595870658255150509e-02
-2.595870658255979013e-02
-2.595870658252292032e-02
-2.595870658256050484e-02
-2.595870658255937033e-02
-2.595870658255960972e-02
-2.595870658256001565e-02
-2.595870658255944666e-02
6.161259625925178525e-08
-2.595870658255937727e-02
-2.595870658255945013e-02
-2.595870658255946054e-02
-2.595870658251804922e-02
-2.595870658255926625e-02
-2.595870658252819735e-02
-2.595870658252815572e-02
-2.595870658252649732e-02
-2.595870658255945707e-02
-2.595870658256008850e-02
-2.595870658255942584e-02
-2.595870658255925237e-02
-2.595870658252787816e-02
-2.595870658252005803e-02
-2.595870658255947094e-02
-2.595870658255878399e-02
-2.595870658255189367e-02
-2.595870658252826674e-02
-2.595870658252292379e-02
-2.595870658255944666e-02
-2.595870658252016558e-02
-2.595870658255941543e-02
-2.595870658255946747e-02
-2.595870658252786081e-02
-2.595870658252115090e-02
-2.595870658255921767e-02
-2.595870658255945707e-02
-2.595870658256043545e-02
-2.595870658251816024e-02
-2.595870658255908583e-02
-2.595870658255910665e-02
-2.595870658256024463e-02
-2.595870658255938074e-02
-2.595870658252820429e-02
-2.595870658255706315e-02
-2.595870658255946054e-02
-2.595870658255410718e-02
-2.595870658255932523e-02
-2.595870658252813490e-02
-2.595870658256117097e-02
-2.595870658256100791e-02
-2.595870658255945013e-02
-2.595870658256020994e-02
-2.595870658256001565e-02
-2.595870658255909624e-02
-2.595870658252832225e-02
-2.595870658255973809e-02
-2.595870658252788510e-02
-2.595870658255954727e-02
-2.595870658255959584e-02
-2.595870658255947788e-02
-2.595870658255920727e-02
-2.595870658252813143e-02
-2.595870658255945013e-02
-2.595870658256075117e-02
-2.595870658252862756e-02
-2.595870658255928706e-02
-2.595870658255956115e-02
-2.595870658255923849e-02
-2.595870658255947788e-02
-2.595870658255964442e-02
-2.595870658255994973e-02
-2.595870658255583149e-02
-2.595870658255916910e-02
-2.595870658256013361e-02
-2.595870658252823898e-02
-2.595870658256060198e-02
-2.595870658255941890e-02
-2.595870658255960625e-02
-2.595870658252821817e-02
-2.595870658252827368e-02
-2.595870658255943625e-02
-2.595870658255943972e-02
-2.595870658252810020e-02
-2.595870658253517441e-02
-2.595870658255942584e-02
-2.595870658256009197e-02
-2.595870658255151897e-02
-2.595870658256107383e-02
-2.595870658251792779e-02
-2.595870658255153285e-02
-2.595870658255948482e-02
-2.595870658252809327e-02
-2.595870658255958890e-02
-2.595870658255940849e-02
-2.595870658255839541e-02
-2.595870658252841245e-02
-2.595870658255914135e-02
-2.595870658252840205e-02
-4.794212376110751479e-17
-2.595870658255976932e-02
-2.595870658255929053e-02
-2.595870658256060198e-02
-2.595870658256004687e-02
-2.595870658252117172e-02
-2.595870658255928706e-02
-2.595870658256009544e-02
-2.595870658251810820e-02
-2.595870658256006769e-02
-2.595870658255943972e-02
-2.595870658256004687e-02
-2.595870658255706662e-02
-2.595870658255943972e-02
-2.595870658255932523e-02
-2.595870658255940155e-02
-2.595870658252110580e-02
-2.595870658256000177e-02
-2.595870658255152591e-02
-2.595870658255944666e-02
-2.595870658252292726e-02
-2.595870658255975891e-02
-2.595870658255950564e-02
-2.595870658252823204e-02
-2.595870658255896440e-02
-2.595870658252004415e-02
-2.595870658255940155e-02
-2.595870658255940849e-02
-2.595870658256108771e-02
-2.595870658252813490e-02
-2.595870658252838470e-02
-2.595870658255943625e-02
-2.595870658252821817e-02
-2.595870658256072688e-02
-2.595870658255923502e-02
-2.595870658256072341e-02
-2.595870658252834307e-02
-2.595870658256015095e-02
-2.595870658255981442e-02
-2.595870658255949870e-02
-2.595870658255951258e-02
-2.595870658252817653e-02
-2.595870658255961666e-02
-2.595870658255938768e-02
-2.595870658255945360e-02
-2.595870658255961666e-02
-2.595870658255941543e-02
-2.595870658256008850e-02
-2.595870658255951258e-02
-2.595870658255943972e-02
-2.221476253072411124e-20
-2.595870658252825980e-02
-2.595870658256044239e-02
-2.595870658256082750e-02
-2.595870658255941196e-02
-2.595870658255924890e-02
-2.595870658256031402e-02
-2.595870658252823898e-02
-2.595870658255945707e-02
-2.595870658252309032e-02
-2.595870658255988728e-02
-2.595870658255940502e-02
-2.595870658252821817e-02
-2.595870658255989769e-02
-2.595870658255945360e-02
-2.595870658255943625e-02
-2.595870658252802388e-02
-2.595870658256082403e-02
-2.595870658252810714e-02
-2.595870658252815572e-02
-2.595870658255928359e-02
-2.595870658252805857e-02
-2.595870658255907890e-02
-2.595870658255924890e-02
-2.595870658255730601e-02
-2.595870658254567295e-02
-2.595870658255762867e-02
-2.595870658251729635e-02
-2.595870658256047014e-02
-2.595870658255946747e-02
-2.595870658255979013e-02
-2.595870658255940849e-02
-2.595870658255954727e-02
-2.595870658256050484e-02
-2.595870658255782643e-02
-2.595870658256082403e-02
-2.595870658252840552e-02
-2.595870658255946054e-02
-2.595870658255940155e-02
-2.595870658252751040e-02
-2.595870658255814908e-02
-2.595870658256003646e-02
-2.595870658255931829e-02
-2.595870658251195687e-02
7.477712737479370181e-22
-2.595870658255929747e-02
-2.595870658255955074e-02
-2.595870658255940155e-02
-2.595870658256079627e-02
-2.595870658255943278e-02
-2.595870658255936686e-02
-2.595870658255928012e-02
-2.595870658255939809e-02
-2.595870658255908237e-02
-2.595870658256002952e-02
-2.595870658255949523e-02
-2.595870658255917951e-02
-2.595870658255945707e-02
-2.595870658252118213e-02
-2.595870658255985605e-02
-2.595870658256062280e-02
-2.595870658256028626e-02
-2.595870658255942237e-02
-2.595870658252800306e-02
-2.595870658255950564e-02
-2.595870658256009197e-02
-2.595870658255937033e-02
-2.595870658256353714e-02
-2.595870658256004340e-02
-2.595870658255975197e-02
-2.595870658253354030e-02
-2.595870658252814878e-02
-2.595870658255942931e-02
-2.595870658255965135e-02
-2.595870658255945013e-02
-2.595870658255982483e-02
-2.595870658256008504e-02
-2.595870658255973809e-02
-2.595870658255718111e-02
-2.595870658256379387e-02
-2.595870658255942584e-02
-2.595870658256001218e-02
-2.595870658255962360e-02
-2.595870658255942931e-02
-2.595870658256010585e-02
-2.595870658252818347e-02
-2.595870658255935645e-02
-2.595870658256067137e-02
-2.595870658256075117e-02
-2.595870658255758703e-02
-2.595870658255951952e-02
-2.595870658255900257e-02
-2.595870658256013708e-02
-2.595870658255950911e-02
-2.595870658255950217e-02
-2.595870658255932176e-02
-2.595870658255944319e-02
-2.595870658256085872e-02
-2.595870658255941543e-02
-2.595870658255960972e-02
-2.595870658256100444e-02
-2.595870658255944319e-02
-2.595870658252820776e-02
-2.595870658255990809e-02
-2.595870658255943972e-02
-2.595870658251815677e-02
-2.595870658255942931e-02
-2.595870658251793819e-02
-2.595870658252786775e-02
-2.595870658255949523e-02
-2.595870658255942584e-02
-2.595870658256097321e-02
-2.595870658255954727e-02
-2.595870658255792357e-02
-2.197324100426615101e-20
-2.595870658255948829e-02
-2.595870658255958544e-02
-2.595870658255948829e-02
-2.595870658256004687e-02
-2.595870658255994626e-02
-2.595870658255982483e-02
-2.595870658255942237e-02
-2.595870658255707702e-02
-2.595870658256087260e-02
-2.595870658255928706e-02
-2.595870658255919686e-02
-2.595870658256074770e-02
-2.595870658255906849e-02
-2.595870658256153179e-02
-2.595870658256001912e-02
-2.595870658255943278e-02
-2.595870658255940502e-02
-2.595870658255954727e-02
-2.595870658255692784e-02
-2.595870658255697988e-02
-2.595870658252817306e-02
-2.595870658255957850e-02
-2.595870658251796942e-02
-2.595870658255941543e-02
-2.595870658252786428e-02
-2.595870658256004687e-02
-2.595870658255967564e-02
-2.595870658255899563e-02
-2.595870658255890889e-02
-2.595870658256096628e-02
-2.595870658256073035e-02
-2.595870658252776714e-02
-2.595870658255694519e-02
-2.595870658252844368e-02
-2.595870658255926278e-02
-2.595870658255931482e-02
-2.595870658252812449e-02
-2.595870658252816265e-02
-2.595870658255957156e-02
-2.595870658255993585e-02
-2.595870658256072341e-02
-2.595870658255935298e-02
-2.595870658255983177e-02
-2.595870658255947788e-02
-2.595870658255932870e-02
-2.595870658256005034e-02
-2.595870658256012320e-02
-2.595870658256051525e-02
-2.595870658256083097e-02
-2.595870658255941196e-02
-2.595870658256067484e-02
-2.595870658256091423e-02
-2.595870658252878715e-02
-2.595870658255950911e-02
-2.595870658255920727e-02
-2.595870658256088648e-02
-2.595870658255702498e-02
-2.595870658255962707e-02
-2.595870658256006075e-02
-2.595870658255951258e-02
-2.595870658255973115e-02
-2.595870658252118907e-02
-2.595870658254387231e-02
-2.595870658255931829e-02
-2.595870658256094199e-02
-2.595870658255959584e-02
-2.595870658256005381e-02
-2.595870658255928359e-02
-2.595870658255942237e-02
-2.595870658255926972e-02
-2.595870658256000524e-02
-2.595870658255922114e-02
-2.595870658252822510e-02
-2.595870658251788962e-02
-2.595870658255852725e-02
-2.595870658256006422e-02
-2.595870658255152591e-02
-2.595870658251845861e-02
-2.595870658252812796e-02
-2.595870658256019953e-02
-2.595870658255955768e-02
-2.595870658255944319e-02
-2.595870658255151897e-02
-2.595870658255973809e-02
-2.595870658255940155e-02
-2.595870658255931482e-02
-2.595870658253609381e-02
-2.595870658251815677e-02
-2.595870658255938074e-02
-2.595870658255907543e-02
-2.595870658255947094e-02
-2.595870658255787847e-02
-2.595870658256004687e-02
-2.595870658255924196e-02
-2.595870658252814878e-02
-2.595870658252823898e-02
-2.595870658255965135e-02
-2.595870658255915522e-02
-2.595870658255956809e-02
-2.595870658255931482e-02
-2.595870658255957503e-02
-2.595870658255938768e-02
-2.595870658251701532e-02
-2.595870658256006422e-02
-2.595870658256013014e-02
-2.595870658255940155e-02
-2.595870658255743785e-02
-2.595870658256010932e-02
-2.595870658255756969e-02
-2.595870658251726165e-02
-2.595870658255940849e-02
-2.595870658252847143e-02
-2.595870658254966976e-02
-2.595870658255927318e-02
-2.595870658252003027e-02
-2.595870658252759713e-02
-2.595870658255946400e-02
-2.595870658252822857e-02
-2.595870658255964789e-02
-2.595870658255922808e-02
-2.595870658256021341e-02
-2.595870658255978319e-02
-2.595870658255948482e-02
-2.595870658255981442e-02
-2.595870658255722274e-02
-2.595870658252809327e-02
-2.595870658255949176e-02
-2.595870658255718111e-02
-2.595870658255950564e-02
-2.595870658252801694e-02
-2.595870658256042157e-02
-2.595870658255745866e-02
-2.595870658252131397e-02
-2.595870658252815572e-02
-2.595870658255868685e-02
7.066719489205220737e-22
-2.595870658256050137e-02
-2.595870658255913094e-02
-2.595870658252821123e-02
-2.595870658255970687e-02
-2.595870658255911706e-02
-2.595870658255950217e-02
-2.595870658255940849e-02
-2.595870658255957503e-02
-2.595870658252805163e-02
-2.595870658255933217e-02
-2.595870658255184163e-02
-2.595870658255943278e-02
-2.595870658256002259e-02
-2.595870658252152560e-02
-2.595870658252306257e-02
-2.595870658256037300e-02
-2.595870658255945013e-02
-2.595870658256012667e-02
-2.595870658252819041e-02
-2.595870658252820429e-02
-2.595870658256007463e-02
-2.595870658255946747e-02
-2.595870658255945707e-02
-2.595870658255942931e-02
-2.595870658256006422e-02
-2.595870658255933563e-02
-2.595870658255947788e-02
-2.595870658255703886e-02
-2.595870658252825980e-02
-2.595870658256003993e-02
-2.595870658253653096e-02
-2.595870658255740315e-02
-2.595870658256016830e-02
-2.595870658255942931e-02
-2.595870658255946054e-02
-2.595870658252811408e-02
-2.595870658255926278e-02
-2.595870658255951952e-02
-2.595870658255943625e-02
-2.595870658255449576e-02
-2.595870658255933217e-02
-2.595870658255919686e-02
-2.595870658256431776e-02
-2.595870658255913441e-02
-2.595870658252781224e-02
-2.595870658256016830e-02
-2.595870658255702151e-02
-2.595870658256005381e-02
-2.595870658252801000e-02
-2.595870658255910318e-02
-2.595870658252937696e-02
-2.595870658255947788e-02
-2.595870658256102873e-02
-2.595870658252819735e-02
-2.595870658252812102e-02
-2.595870658256093505e-02
-2.595870658255928706e-02
-2.595870658255942931e-02
-2.595870658253391500e-02
-2.595870658253952856e-02
-2.595870658255962013e-02
-2.595870658252347196e-02
-2.595870658255947094e-02
-2.595870658255935992e-02
-2.595870658255820806e-02
-2.595870658256048055e-02
-2.595870658252036334e-02
-2.595870658255941196e-02
-2.595870658252649732e-02
-2.595870658255944666e-02
-2.595870658255703539e-02
-2.595870658255932523e-02
-2.595870658255950911e-02
-2.595870658252819388e-02
-2.595870658252816612e-02
-2.595870658256003993e-02
-2.595870658251963822e-02
-2.595870658255950564e-02
-2.595870658255944319e-02
-2.595870658255981442e-02
-2.595870658256005728e-02
-2.595870658255962707e-02
-2.595870658252776020e-02
-2.595870658252708366e-02
-2.595870658255938421e-02
-2.595870658256088995e-02
-2.595870658255928706e-02
-2.595870658256136526e-02
-2.595870658256002605e-02
-2.595870658255886032e-02
-2.595870658256014749e-02
-2.595870658255946054e-02
-2.595870658255944319e-02
-2.595870658256104954e-02
-2.595870658256005034e-02
-2.595870658255940155e-02
-2.595870658255942584e-02
-2.595870658255911706e-02
-2.595870658255958890e-02
-2.595870658255949176e-02
-2.595870658255966176e-02
-2.595870658252306604e-02
-2.595870658255943625e-02
-2.595870658252828755e-02
-2.595870658255996360e-02
-2.595870658255928359e-02
-2.595870658255968258e-02
-2.595870658255892277e-02
-2.595870658251804228e-02
-2.595870658255914482e-02
-2.595870658256052219e-02
-2.595870658256009197e-02
-2.595870658255151203e-02
-2.595870658255948135e-02
-2.595870658252839858e-02
-2.595870658256010585e-02
-2.595870658256001912e-02
-2.595870658253427235e-02
-2.595870658252835694e-02
-2.595870658255712907e-02
-2.595870658256094893e-02
-2.595870658255149122e-02
-2.595870658251806656e-02
-2.595870658255943278e-02
-2.595870658255944319e-02
-2.595870658255955421e-02
-2.595870658255955421e-02
-2.595870658255981095e-02
-2.595870658255956809e-02
-2.595870658252820429e-02
-2.595870658255957503e-02
-2.595870658255959584e-02
-2.595870658252817653e-02
-2.595870658255938074e-02
-2.595870658252836388e-02
-2.595870658255944319e-02
-2.595870658255940502e-02
-2.595870658255958544e-02
-2.595870658256009544e-02
-2.595870658252801000e-02
-2.595870658252795449e-02
-2.595870658255941543e-02
-2.595870658256008850e-02
-2.595870658255888808e-02
-2.595870658255943972e-02
-2.595870658252823204e-02
-2.595870658255948829e-02
-2.595870658255950217e-02
-2.595870658256086913e-02
-2.595870658255911706e-02
-2.595870658255930441e-02
-2.595870658252832225e-02
-2.595870658255943278e-02
-2.595870658255942584e-02
-2.595870658256001565e-02
-2.595870658255968605e-02
-2.595870658252016905e-02
-2.595870658252823898e-02
-2.595870658255914135e-02
-2.595870658256041463e-02
-2.595870658252823551e-02
-2.595870658255931135e-02
-2.595870658256007116e-02
-2.595870658256004340e-02
-2.595870658256004340e-02
-2.595870658255963401e-02
-2.595870658255943625e-02
-2.595870658256028626e-02
-2.595870658255798949e-02
-2.595870658256007463e-02
-2.595870658255992197e-02
-2.595870658255955768e-02
-2.595870658252763530e-02
-2.595870658251829555e-02
-2.595870658256009891e-02
-2.595870658255979360e-02
-2.595870658252806551e-02
-2.595870658255954033e-02
-2.595870658255938768e-02
-2.595870658256086566e-02
-2.595870658256064015e-02
-2.595870658252131397e-02
-2.595870658255946400e-02
-2.595870658255942237e-02
-2.595870658255951952e-02
-2.595870658252823898e-02
-2.595870658255745173e-02
-2.595870658256092811e-02
-2.595870658255913094e-02
-2.595870658255931135e-02
-2.595870658252504362e-02
-2.595870658255946054e-02
-2.595870658252821123e-02
-2.595870658252812796e-02
-2.595870658252119600e-02
-2.595870658255150509e-02
-2.595870658252815572e-02
-2.595870658255938768e-02
-2.595870658255929053e-02
-2.595870658256008504e-02
-2.595870658252829796e-02
4.793752135890891748e-07
-2.595870658255905808e-02
-2.595870658255931482e-02
-2.595870658255976238e-02
-2.595870658251808391e-02
-2.595870658255897828e-02
-2.595870658255970340e-02
-2.595870658252801000e-02
-2.595870658251841698e-02
-2.595870658255920033e-02
-2.595870658256008157e-02
-2.595870658256079627e-02
-2.595870658252836388e-02
-2.595870658255933563e-02
-2.595870658255921767e-02
-2.595870658255948482e-02
-2.595870658255151897e-02
-2.595870658255680294e-02
-2.595870658256113281e-02
-2.595870658255940502e-02
-2.595870658256012320e-02
-2.595870658256008157e-02
-2.595870658255748295e-02
-2.595870658255968605e-02
-2.595870658256054300e-02
-2.595870658255943625e-02
-2.595870658255947788e-02
-2.595870658256001912e-02
-2.595870658256000177e-02
-2.595870658255886726e-02
-2.595870658254925342e-02
-2.595870658255945707e-02
-2.595870658256106689e-02
-2.595870658255944666e-02
-2.595870658255964095e-02
-2.595870658252822510e-02
-2.595870658255942931e-02
-2.595870658255946054e-02
-2.595870658256008504e-02
-2.595870658255938074e-02
-2.595870658255149815e-02
-2.595870658255935298e-02
-2.595870658255952299e-02
-2.595870658255946400e-02
-2.595870658256065402e-02
-2.595870658252772203e-02
-2.595870658255906849e-02
-2.595870658255943625e-02
-2.595870658251772309e-02
-2.595870658252796143e-02
-2.595870658256084137e-02
-2.595870658255943625e-02
-2.595870658256004687e-02
-2.595870658255937727e-02
-2.595870658255924196e-02
-2.595870658255945707e-02
-2.595870658253607993e-02
-2.595870658252841939e-02
-2.595870658256089342e-02
-2.595870658256009891e-02
-2.595870658255928706e-02
-2.595870658255932176e-02
-2.595870658256027932e-02
6.161259625925451164e-08
-2.595870658256000871e-02
-2.595870658255918298e-02
-2.595870658255989769e-02
-2.595870658255930441e-02
-2.595870658255979013e-02
-2.595870658255947788e-02
-2.595870658255451310e-02
-2.595870658252821123e-02
-2.595870658252810367e-02
-2.595870658255912747e-02
-2.595870658254651603e-02
-2.595870658255915869e-02
-2.595870658255956115e-02
-2.595870658256014402e-02
-2.595870658251793819e-02
-2.595870658255903032e-02
-2.595870658252268787e-02
-2.595870658252815225e-02
-2.595870658256079627e-02
-2.595870658255916563e-02
-2.595870658256105301e-02
-2.595870658255942931e-02
-2.595870658255945707e-02
-2.595870658255926972e-02
-2.595870658255940849e-02
-2.595870658255951258e-02
-2.595870658255982483e-02
-2.595870658256070607e-02
-2.595870658256004340e-02
-2.595870658255946054e-02
-2.595870658251804228e-02
-2.595870658256042504e-02
-2.595870658255945360e-02
-2.595870658251279300e-02
-2.595870658255943972e-02
-2.595870658255711866e-02
-2.595870658255151550e-02
-2.595870658251817759e-02
-2.595870658255958197e-02
-2.595870658256087954e-02
-2.595870658255922461e-02
-2.595870658255922461e-02
-2.595870658255937727e-02
-2.595870658255934604e-02
-2.595870658255919686e-02
-2.595870658252818347e-02
-2.595870658255959931e-02
-2.595870658256110505e-02
-2.595870658256017871e-02
-2.595870658252818000e-02
-2.595870658255696600e-02
-2.595870658252113355e-02
-2.595870658255943278e-02
-2.595870658252768040e-02
-2.595870658255932176e-02
-2.595870658255933910e-02
-2.595870658251194646e-02
-2.595870658255891930e-02
-2.595870658255788888e-02
-2.595870658255941196e-02
-2.595870658252820429e-02
-2.595870658255943972e-02
-2.595870658252324645e-02
-2.595870658256099056e-02
-2.595870658256010238e-02
-2.595870658255958890e-02
-2.595870658255939809e-02
-2.595870658256003993e-02
-2.595870658255945707e-02
-2.595870658252899532e-02
-2.595870658255924196e-02
-2.595870658255952299e-02
-2.595870658256008504e-02
-2.595870658255929400e-02
-2.595870658256055688e-02
-2.595870658256051178e-02
-2.595870658256018218e-02
-2.595870658255941890e-02
-2.595870658252648344e-02
-2.595870658255929747e-02
-2.595870658255957503e-02
-2.595870658255701457e-02
-2.595870658255955421e-02
-2.595870658251785840e-02
-2.595870658252775326e-02
-2.595870658252771163e-02
-2.595870658256098015e-02
-2.595870658255889502e-02
-2.595870658255961666e-02
-2.595870658256003993e-02
-2.595870658256096628e-02
-2.595870658256165669e-02
-2.595870658256092117e-02
-2.595870658256000177e-02
-2.595870658255911706e-02
-2.595870658255935298e-02
-2.595870658252793367e-02
-2.595870658255899910e-02
-2.595870658255952645e-02
-2.595870658252291338e-02
-2.595870658255942584e-02
-2.595870658255954380e-02
-4.794163557359394430e-17
-2.595870658251804922e-02
-2.595870658252821470e-02
-2.595870658252906471e-02
-2.595870658255970340e-02
-2.595870658252817653e-02
-2.595870658252817306e-02
-2.595870658255932176e-02
-2.595870658256010585e-02
-2.595870658256086566e-02
-2.595870658255900604e-02
-2.595870658255926972e-02
-2.595870658256015095e-02
-2.595870658255889155e-02
-2.595870658255971380e-02
-2.595870658255918298e-02
-2.595870658256086219e-02
-2.595870658256223956e-02
-2.595870658256015442e-02
-2.595870658256010238e-02
-2.595870658255903379e-02
-2.595870658252753815e-02
-2.595870658255945013e-02
-2.595870658255967911e-02
-2.595870658256371755e-02
-2.595870658255939809e-02
-2.595870658255962360e-02
-2.595870658252812102e-02
-2.595870658251783064e-02
-2.595870658255990462e-02
-2.595870658256001912e-02
-2.595870658255938074e-02
-2.595870658256000871e-02
-2.595870658252815572e-02
-2.595870658252767693e-02
-2.595870658256028626e-02
-2.595870658255914482e-02
-2.595870658251834065e-02
-2.595870658255942931e-02
-2.595870658252817653e-02
-2.595870658255941543e-02
-2.595870658255945707e-02
-2.595870658256069219e-02
-2.595870658255949523e-02
-2.595870658252820429e-02
-2.595870658252833266e-02
-2.595870658255941543e-02
-2.595870658255152244e-02
-2.595870658255742050e-02
-2.595870658255893665e-02
-2.595870658256015789e-02
-2.595870658255951258e-02
-2.595870658256009891e-02
-2.595870658255936686e-02
-2.595870658255936339e-02
-2.595870658255644559e-02
-2.595870658255948482e-02
-2.595870658252818694e-02
-2.595870658256005381e-02
-2.595870658256166363e-02
-2.595870658255945707e-02
-2.595870658255942584e-02
-2.595870658255933563e-02
-2.595870658255935992e-02
-2.595870658255151550e-02
-2.595870658255939462e-02
-2.595870658255949523e-02
-2.595870658255921420e-02
-2.595870658255940849e-02
-2.595870658255924196e-02
-2.595870658251813595e-02
-2.595870658255943625e-02
-2.595870658252821123e-02
-2.595870658252812102e-02
-2.595870658255942584e-02
-2.595870658255920727e-02
-2.595870658255911706e-02
-2.595870658256016136e-02
-2.595870658256057770e-02
-2.595870658255966523e-02
-2.595870658251725818e-02
-2.595870658255995667e-02
-2.595870658255934951e-02
-2.595870658252118560e-02
-2.595870658256006075e-02
-2.595870658255984564e-02
-2.595870658255974156e-02
-2.595870658256084484e-02
-2.595870658252802388e-02
-2.595870658256066790e-02
-2.595870658256010238e-02
-2.595870658252785734e-02
-2.595870658251811167e-02
-2.595870658255948482e-02
-2.595870658255958890e-02
-2.595870658255952645e-02
-2.595870658255781602e-02
-2.595870658256007116e-02
-2.595870658255705968e-02
-2.595870658255947788e-02
-2.595870658255945360e-02
-2.595870658255910318e-02
-2.595870658255946054e-02
-2.595870658256012320e-02
-2.595870658252819041e-02
-2.595870658256012320e-02
-2.595870658255898869e-02
-2.595870658255706662e-02
-2.595870658255925584e-02
-2.595870658255913788e-02
-2.595870658256166710e-02
-2.595870658255938074e-02
-2.595870658255944666e-02
-2.595870658255208796e-02
-2.595870658255997748e-02
-2.595870658256002259e-02
-2.595870658255700417e-02
-2.595870658252780183e-02
-2.595870658256010585e-02
-2.595870658256008850e-02
-2.595870658252751734e-02
-2.595870658255696600e-02
-2.595870658256001218e-02
-2.595870658256079627e-02
-2.595870658255944666e-02
-2.595870658255914828e-02
-2.595870658255947441e-02
-2.595870658255967911e-02
-2.595870658255924196e-02
-2.595870658256010238e-02
-2.595870658255863134e-02
-2.595870658255939462e-02
-2.595870658255814561e-02
-2.595870658252835000e-02
-2.595870658255942584e-02
-2.595870658251816718e-02
-2.595870658252814531e-02
-2.595870658255940502e-02
-2.595870658255930788e-02
-2.595870658255936339e-02
-2.595870658255994973e-02
-2.595870658256005381e-02
-2.595870658255946054e-02
-2.595870658252752081e-02
-2.595870658255950911e-02
-2.595870658255940849e-02
-2.595870658255949870e-02
-2.595870658255970340e-02
-2.595870658255946400e-02
-2.595870658255933910e-02
-2.595870658255940502e-02
-2.595870658255946747e-02
-2.595870658255942584e-02
-2.595870658255940849e-02
-2.595870658252827021e-02
-2.595870658255959931e-02
-2.595870658256030361e-02
-2.595870658256006075e-02
-2.595870658255944319e-02
-2.595870658255942931e-02
-2.595870658255945360e-02
-2.595870658255943625e-02
-2.595870658255912400e-02
-2.595870658255705968e-02
-2.595870658255990809e-02
-2.595870658256086219e-02
-2.595870658256118832e-02
-2.595870658255960278e-02
-2.595870658256105301e-02
-2.595870658255992197e-02
-2.595870658255943625e-02
-2.595870658252807939e-02
-2.595870658255945013e-02
-2.595870658256087607e-02
-2.595870658255942237e-02
-2.595870658255950564e-02
-2.595870658255960972e-02
-2.595870658255920727e-02
-2.595870658252769081e-02
-2.595870658256009197e-02
-2.595870658255957503e-02
-2.595870658256004340e-02
-2.595870658252821123e-02
-2.595870658252816265e-02
-2.595870658252601507e-02
-2.595870658255945360e-02
-2.595870658255916216e-02
-2.595870658255940502e-02
-2.595870658255956115e-02
-2.595870658252825980e-02
-2.595870658252815572e-02
-2.595870658256056382e-02
-2.595870658255962707e-02
-2.595870658255985952e-02
-2.595870658255919339e-02
-2.595870658252118213e-02
-2.595870658255945013e-02
-2.595870658256033831e-02
-2.595870658252465851e-02
-2.595870658255724356e-02
-2.595870658252840898e-02
-2.595870658255991850e-02
-2.595870658252757285e-02
-2.595870658252820082e-02
-2.595870658251781676e-02
-2.595870658252816612e-02
-2.595870658255933910e-02
-2.595870658255952992e-02
-2.595870658256015442e-02
-2.595870658256005034e-02
-2.595870658255924196e-02
-2.595870658255627558e-02
-2.595870658255986646e-02
-2.595870658255979360e-02
-2.595870658256084137e-02
-2.595870658256022728e-02
-2.595870658252119600e-02
-2.595870658256016136e-02
-2.595870658255938074e-02
-2.595870658255942931e-02
-2.595870658255938074e-02
-2.595870658256006769e-02
-2.595870658255908583e-02
-2.595870658251793472e-02
-2.595870658256061586e-02
-2.595870658255998442e-02
-2.595870658255940155e-02
-2.595870658255895053e-02
-2.595870658255678559e-02
-2.595870658256007810e-02
-2.595870658255941543e-02
-2.595870658255993585e-02
-2.595870658251741431e-02
-2.595870658255958197e-02
-2.595870658255945360e-02
-2.595870658256010932e-02
-2.595870658256081362e-02
-2.595870658255942237e-02
-2.595870658252819041e-02
-2.595870658256045627e-02
-2.595870658257797003e-02
-2.595870658255919339e-02
-2.595870658255928706e-02
-2.595870658255944666e-02
-2.595870658255917604e-02
-2.595870658255930788e-02
-2.595870658251984639e-02
-2.595870658255941543e-02
-2.595870658255901645e-02
-2.595870658255916910e-02
-2.595870658255913094e-02
-2.595870658255944666e-02
-2.595870658255938421e-02
-2.595870658252015170e-02
-2.595870658252820082e-02
-2.595870658255979013e-02
-2.595870658255947441e-02
-2.595870658255990462e-02
-2.595870658255923155e-02
-2.595870658252820082e-02
-2.595870658255939462e-02
-2.595870658256098015e-02
-2.595870658255917951e-02
-2.595870658255969299e-02
-2.595870658255949523e-02
-2.595870658255940155e-02
-2.595870658255940849e-02
-2.595870658255934951e-02
-2.595870658256039382e-02
-2.595870658256070260e-02
-2.595870658256057423e-02
-2.595870658255941890e-02
-2.595870658255967217e-02
-2.595870658251816024e-02
-2.595870658252817653e-02
-2.595870658255950564e-02
-2.595870658255907196e-02
-2.595870658256005381e-02
-2.595870658255944319e-02
-2.595870658252839858e-02
-2.595870658256010238e-02
-2.595870658256101138e-02
-2.595870658255943625e-02
-2.595870658255913094e-02
-2.595870658256031402e-02
-2.595870658255957156e-02
-2.595870658255942584e-02
-2.595870658255969299e-02
-2.595870658252807939e-02
-2.595870658252068600e-02
-2.595870658256000177e-02
-2.595870658255977972e-02
-2.595870658255969299e-02
-2.595870658252803775e-02
-2.595870658252812796e-02
-2.595870658256002605e-02
-2.595870658255150509e-02
-2.595870658256096628e-02
-2.595870658255948135e-02
-2.595870658256003993e-02
-2.595870658256043545e-02
-2.595870658255941196e-02
-2.595870658255721233e-02
-2.595870658252834307e-02
-2.595870658251983251e-02
-2.595870658255749683e-02
